75 73 69 6e 67 20 55 6e  69 74 79 45 6e 67 69 6e
65 3b 0d 0a 75 73 69 6e  67 20 53 79 73 74 65 6d
2e 43 6f 6c 6c 65 63 74  69 6f 6e 73 3b 0d 0a 75
73 69 6e 67 20 53 79 73  74 65 6d 2e 43 6f 6c 6c
65 63 74 69 6f 6e 73 2e  47 65 6e 65 72 69 63 3b
0d 0a 0d 0a 0d 0a 70 75  62 6c 69 63 20 63 6c 61
73 73 20 54 75 72 6e 46  6c 6f 77 55 49 20 3a 20
4d 6f 6e 6f 42 65 68 61  76 69 6f 75 72 0d 0a 7b
0d 0a 20 20 20 20 2f 2a  0d 0a 20 20 20 20 5b 48
65 61 64 65 72 28 22 55  49 22 29 5d 0d 0a 20 20
20 20 70 75 62 6c 69 63  20 47 61 6d 65 4f 62 6a
65 63 74 20 6d 6f 76 69  6d 69 65 6e 74 6f 42 75
74 74 6f 6e 3b 0d 0a 20  20 20 20 70 75 62 6c 69
63 20 47 61 6d 65 4f 62  6a 65 63 74 20 73 74 61
72 74 42 75 74 74 6f 6e  3b 0d 0a 20 20 20 20 0d
0a 0d 0a 20 20 20 20 70  72 69 76 61 74 65 20 55
6e 69 74 20 73 65 6c 65  63 74 65 64 50 6c 61 79
65 72 3b 0d 0a 0d 0a 20  20 20 20 76 6f 69 64 20
53 74 61 72 74 28 29 0d  0a 20 20 20 20 7b 0d 0a
20 20 20 20 20 20 20 20  6d 6f 76 69 6d 69 65 6e
74 6f 42 75 74 74 6f 6e  2e 53 65 74 41 63 74 69
76 65 28 66 61 6c 73 65  29 3b 0d 0a 20 20 20 20
20 20 20 20 73 74 61 72  74 42 75 74 74 6f 6e 2e
53 65 74 41 63 74 69 76  65 28 66 61 6c 73 65 29
3b 0d 0a 20 20 20 20 20  20 20 20 0d 0a 20 20 20
20 7d 0d 0a 0d 0a 20 20  20 20 76 6f 69 64 20 55
70 64 61 74 65 28 29 0d  0a 20 20 20 20 7b 0d 0a
20 20 20 20 20 20 20 20  69 66 20 28 54 75 72 6e
4d 61 6e 61 67 65 72 2e  49 6e 73 74 61 6e 63 65
20 3d 3d 20 6e 75 6c 6c  29 20 72 65 74 75 72 6e
3b 0d 0a 0d 0a 20 20 20  20 20 20 20 20 2f 2f 20
44 75 72 61 6e 74 65 20  50 6c 61 6e 6e 69 6e 67
3a 20 73 69 20 68 61 79  20 75 6e 69 64 61 64 20
73 65 6c 65 63 63 69 6f  6e 61 64 61 20 63 6f 6e
20 64 65 73 74 69 6e 6f  2c 20 6d 75 65 73 74 72
61 20 4d 6f 76 69 6d 69  65 6e 74 6f 0d 0a 20 20
20 20 20 20 20 20 69 66  20 28 54 75 72 6e 4d 61
6e 61 67 65 72 2e 49 6e  73 74 61 6e 63 65 2e 43
75 72 72 65 6e 74 53 74  61 74 65 20 3d 3d 20 54
75 72 6e 53 74 61 74 65  2e 50 6c 61 6e 6e 69 6e
67 29 0d 0a 20 20 20 20  20 20 20 20 7b 0d 0a 20
20 20 20 20 20 20 20 20  20 20 20 69 66 20 28 73
65 6c 65 63 74 65 64 50  6c 61 79 65 72 20 21 3d
20 6e 75 6c 6c 20 26 26  20 73 65 6c 65 63 74 65
64 50 6c 61 79 65 72 2e  48 61 73 50 6c 61 6e 6e
65 64 4d 6f 76 65 6d 65  6e 74 29 0d 0a 20 20 20
20 20 20 20 20 20 20 20  20 20 20 20 20 6d 6f 76
69 6d 69 65 6e 74 6f 42  75 74 74 6f 6e 2e 53 65
74 41 63 74 69 76 65 28  74 72 75 65 29 3b 0d 0a
20 20 20 20 20 20 20 20  20 20 20 20 65 6c 73 65
0d 0a 20 20 20 20 20 20  20 20 20 20 20 20 20 20
20 20 6d 6f 76 69 6d 69  65 6e 74 6f 42 75 74 74
6f 6e 2e 53 65 74 41 63  74 69 76 65 28 66 61 6c
73 65 29 3b 0d 0a 20 20  20 20 20 20 20 20 7d 0d
0a 20 20 20 20 7d 0d 0a  0d 0a 20 20 20 20 2f 2f
20 4c 6c 61 6d 61 72 20  64 65 73 64 65 20 4d 6f
76 65 6d 65 6e 74 50 72  65 76 69 65 77 20 63 75
61 6e 64 6f 20 73 65 6c  65 63 63 69 6f 6e 61 73
20 75 6e 20 70 6c 61 79  65 72 20 28 6f 20 64 65
73 64 65 20 74 75 20 65  76 65 6e 74 6f 29 0d 0a
20 20 20 20 70 75 62 6c  69 63 20 76 6f 69 64 20
53 65 74 53 65 6c 65 63  74 65 64 50 6c 61 79 65
72 28 55 6e 69 74 20 75  29 0d 0a 20 20 20 20 7b
0d 0a 20 20 20 20 20 20  20 20 73 65 6c 65 63 74
65 64 50 6c 61 79 65 72  20 3d 20 75 3b 0d 0a 20
20 20 20 7d 0d 0a 0d 0a  20 20 20 20 2f 2f 20 42
4f 54 d3 4e 20 4d 6f 76  69 6d 69 65 6e 74 6f 3a
20 70 61 73 61 20 61 20  41 63 74 69 6f 6e 50 68
61 73 65 0d 0a 20 20 20  20 70 75 62 6c 69 63 20
76 6f 69 64 20 4f 6e 4d  6f 76 69 6d 69 65 6e 74
6f 28 29 0d 0a 20 20 20  20 7b 0d 0a 20 20 20 20
20 20 20 20 69 66 20 28  73 65 6c 65 63 74 65 64
50 6c 61 79 65 72 20 3d  3d 20 6e 75 6c 6c 29 20
72 65 74 75 72 6e 3b 0d  0a 20 20 20 20 20 20 20
20 69 66 20 28 21 73 65  6c 65 63 74 65 64 50 6c
61 79 65 72 2e 48 61 73  50 6c 61 6e 6e 65 64 4d
6f 76 65 6d 65 6e 74 29  20 72 65 74 75 72 6e 3b
0d 0a 0d 0a 20 20 20 20  20 20 20 20 54 75 72 6e
4d 61 6e 61 67 65 72 2e  49 6e 73 74 61 6e 63 65
2e 53 65 74 53 74 61 74  65 41 63 74 69 6f 6e 28
29 3b 20 2f 2f 20 74 65  20 64 69 67 6f 20 61 62
61 6a 6f 20 63 f3 6d 6f  0d 0a 20 20 20 20 20 20
20 20 6d 6f 76 69 6d 69  65 6e 74 6f 42 75 74 74
6f 6e 2e 53 65 74 41 63  74 69 76 65 28 66 61 6c
73 65 29 3b 0d 0a 0d 0a  20 20 20 20 20 20 20 20
0d 0a 20 20 20 20 20 20  20 20 73 74 61 72 74 42
75 74 74 6f 6e 2e 53 65  74 41 63 74 69 76 65 28
74 72 75 65 29 3b 0d 0a  0d 0a 20 20 20 20 20 20
20 20 41 63 74 69 6f 6e  50 72 65 76 69 65 77 2e
49 6e 73 74 61 6e 63 65  2e 45 6e 74 65 72 41 63
74 69 6f 6e 28 73 65 6c  65 63 74 65 64 50 6c 61
79 65 72 29 3b 0d 0a 20  20 20 20 7d 0d 0a 0d 0a
20 20 20 20 2f 2f 20 42  4f 54 4f 4e 45 53 20 44
49 52 45 43 43 49 d3 4e  0d 0a 20 20 20 20 70 75
62 6c 69 63 20 76 6f 69  64 20 44 69 72 55 70 28
29 20 3d 3e 20 41 63 74  69 6f 6e 50 72 65 76 69
65 77 2e 49 6e 73 74 61  6e 63 65 2e 53 65 74 44
69 72 65 63 74 69 6f 6e  28 6e 65 77 20 56 65 63
74 6f 72 32 49 6e 74 28  30 2c 20 31 29 29 3b 0d
0a 20 20 20 20 70 75 62  6c 69 63 20 76 6f 69 64
20 44 69 72 44 6f 77 6e  28 29 20 3d 3e 20 41 63
74 69 6f 6e 50 72 65 76  69 65 77 2e 49 6e 73 74
61 6e 63 65 2e 53 65 74  44 69 72 65 63 74 69 6f
6e 28 6e 65 77 20 56 65  63 74 6f 72 32 49 6e 74
28 30 2c 20 2d 31 29 29  3b 0d 0a 20 20 20 20 70
75 62 6c 69 63 20 76 6f  69 64 20 44 69 72 4c 65
66 74 28 29 20 3d 3e 20  41 63 74 69 6f 6e 50 72
65 76 69 65 77 2e 49 6e  73 74 61 6e 63 65 2e 53
65 74 44 69 72 65 63 74  69 6f 6e 28 6e 65 77 20
56 65 63 74 6f 72 32 49  6e 74 28 2d 31 2c 20 30
29 29 3b 0d 0a 20 20 20  20 70 75 62 6c 69 63 20
76 6f 69 64 20 44 69 72  52 69 67 68 74 28 29 20
3d 3e 20 41 63 74 69 6f  6e 50 72 65 76 69 65 77
2e 49 6e 73 74 61 6e 63  65 2e 53 65 74 44 69 72
65 63 74 69 6f 6e 28 6e  65 77 20 56 65 63 74 6f
72 32 49 6e 74 28 31 2c  20 30 29 29 3b 0d 0a 0d
0a 20 20 20 20 2f 2f 20  42 4f 54 d3 4e 20 53 74
61 72 74 3a 20 65 6a 65  63 75 74 61 20 6d 6f 76
69 6d 69 65 6e 74 6f 20  2b 20 61 74 61 71 75 65
20 2b 20 65 6e 65 6d 69  67 6f 73 0d 0a 20 20 20
20 70 75 62 6c 69 63 20  76 6f 69 64 20 4f 6e 53
74 61 72 74 28 29 0d 0a  20 20 20 20 7b 0d 0a 20
20 20 20 20 20 20 20 69  66 20 28 73 65 6c 65 63
74 65 64 50 6c 61 79 65  72 20 3d 3d 20 6e 75 6c
6c 29 20 72 65 74 75 72  6e 3b 0d 0a 20 20 20 20
20 20 20 20 69 66 20 28  21 41 63 74 69 6f 6e 50
72 65 76 69 65 77 2e 49  6e 73 74 61 6e 63 65 2e
48 61 73 44 69 72 65 63  74 69 6f 6e 29 20 72 65
74 75 72 6e 3b 0d 0a 0d  0a 20 20 20 20 20 20 20
0d 0a 20 20 20 20 20 20  20 20 73 74 61 72 74 42
75 74 74 6f 6e 2e 53 65  74 41 63 74 69 76 65 28
66 61 6c 73 65 29 3b 0d  0a 0d 0a 20 20 20 20 20
20 20 20 53 74 61 72 74  43 6f 72 6f 75 74 69 6e
65 28 45 78 65 63 75 74  65 54 75 72 6e 28 29 29
3b 0d 0a 20 20 20 20 7d  0d 0a 0d 0a 20 20 20 20
49 45 6e 75 6d 65 72 61  74 6f 72 20 45 78 65 63
75 74 65 54 75 72 6e 28  29 0d 0a 20 20 20 20 7b
0d 0a 20 20 20 20 20 20  20 20 2f 2f 20 42 6c 6f
71 75 65 61 72 20 69 6e  70 75 74 3a 20 65 73 74
61 64 6f 20 65 6a 65 63  75 63 69 f3 6e 0d 0a 20
20 20 20 20 20 20 20 54  75 72 6e 4d 61 6e 61 67
65 72 2e 49 6e 73 74 61  6e 63 65 2e 53 65 74 53
74 61 74 65 45 78 65 63  75 74 69 6f 6e 28 29 3b
0d 0a 0d 0a 20 20 20 20  20 20 20 20 2f 2f 20 31
29 20 6d 6f 76 65 72 20  6a 75 67 61 64 6f 72 0d
0a 20 20 20 20 20 20 20  20 79 69 65 6c 64 20 72
65 74 75 72 6e 20 53 74  61 72 74 43 6f 72 6f 75
74 69 6e 65 28 4d 6f 76  65 50 6c 61 6e 6e 65 64
55 6e 69 74 28 73 65 6c  65 63 74 65 64 50 6c 61
79 65 72 29 29 3b 0d 0a  20 20 20 20 20 20 20 20
73 65 6c 65 63 74 65 64  50 6c 61 79 65 72 2e 43
6c 65 61 72 50 6c 61 6e  6e 65 64 4d 6f 76 65 6d
65 6e 74 28 29 3b 0d 0a  0d 0a 20 20 20 20 20 20
20 20 2f 2f 20 32 29 20  61 74 61 63 61 72 20 63
6f 6e 20 64 69 72 65 63  63 69 f3 6e 20 65 6c 65
67 69 64 61 0d 0a 20 20  20 20 20 20 20 20 50 65
72 66 6f 72 6d 4c 69 6e  65 41 74 74 61 63 6b 46
72 6f 6d 28 73 65 6c 65  63 74 65 64 50 6c 61 79
65 72 2e 47 72 69 64 50  6f 73 69 74 69 6f 6e 2c
20 41 63 74 69 6f 6e 50  72 65 76 69 65 77 2e 49
6e 73 74 61 6e 63 65 2e  53 65 6c 65 63 74 65 64
44 69 72 29 3b 0d 0a 0d  0a 20 20 20 20 20 20 20
20 2f 2f 20 33 29 20 6d  6f 76 65 72 20 65 6e 65
6d 69 67 6f 73 20 28 70  6c 61 6e 69 66 69 63 61
64 6f 73 29 0d 0a 20 20  20 20 20 20 20 20 4d 6f
76 65 6d 65 6e 74 45 78  65 63 75 74 69 6f 6e 2e
49 6e 73 74 61 6e 63 65  2e 42 65 67 69 6e 45 6e
65 6d 69 65 73 4f 6e 6c  79 28 29 3b 0d 0a 20 20
20 20 20 20 20 20 77 68  69 6c 65 20 28 4d 6f 76
65 6d 65 6e 74 45 78 65  63 75 74 69 6f 6e 2e 49
6e 73 74 61 6e 63 65 2e  49 73 52 75 6e 6e 69 6e
67 29 20 79 69 65 6c 64  20 72 65 74 75 72 6e 20
6e 75 6c 6c 3b 0d 0a 0d  0a 20 20 20 20 20 20 20
20 2f 2f 20 6c 69 6d 70  69 61 72 20 70 72 65 76
69 65 77 0d 0a 20 20 20  20 20 20 20 20 41 63 74
69 6f 6e 50 72 65 76 69  65 77 2e 49 6e 73 74 61
6e 63 65 2e 45 78 69 74  41 63 74 69 6f 6e 28 29
3b 0d 0a 0d 0a 20 20 20  20 20 20 20 20 2f 2f 20
76 6f 6c 76 65 72 20 61  20 50 6c 61 6e 6e 69 6e
67 0d 0a 20 20 20 20 20  20 20 20 54 75 72 6e 4d
61 6e 61 67 65 72 2e 49  6e 73 74 61 6e 63 65 2e
53 65 74 53 74 61 74 65  50 6c 61 6e 6e 69 6e 67
28 29 3b 0d 0a 20 20 20  20 20 20 20 20 73 65 6c
65 63 74 65 64 50 6c 61  79 65 72 20 3d 20 6e 75
6c 6c 3b 0d 0a 20 20 20  20 7d 0d 0a 0d 0a 20 20
20 20 49 45 6e 75 6d 65  72 61 74 6f 72 20 4d 6f
76 65 50 6c 61 6e 6e 65  64 55 6e 69 74 28 55 6e
69 74 20 75 6e 69 74 29  0d 0a 20 20 20 20 7b 0d
0a 20 20 20 20 20 20 20  20 4c 69 73 74 3c 56 65
63 74 6f 72 32 49 6e 74  3e 20 70 61 74 68 20 3d
20 50 61 74 68 66 69 6e  64 65 72 2e 46 69 6e 64
50 61 74 68 28 75 6e 69  74 2e 47 72 69 64 50 6f
73 69 74 69 6f 6e 2c 20  75 6e 69 74 2e 50 6c 61
6e 6e 65 64 44 65 73 74  69 6e 61 74 69 6f 6e 29
3b 0d 0a 20 20 20 20 20  20 20 20 69 66 20 28 70
61 74 68 20 3d 3d 20 6e  75 6c 6c 20 7c 7c 20 70
61 74 68 2e 43 6f 75 6e  74 20 3d 3d 20 30 29 20
79 69 65 6c 64 20 62 72  65 61 6b 3b 0d 0a 0d 0a
20 20 20 20 20 20 20 20  69 66 20 28 70 61 74 68
5b 30 5d 20 3d 3d 20 75  6e 69 74 2e 47 72 69 64
50 6f 73 69 74 69 6f 6e  29 0d 0a 20 20 20 20 20
20 20 20 20 20 20 20 70  61 74 68 2e 52 65 6d 6f
76 65 41 74 28 30 29 3b  0d 0a 0d 0a 20 20 20 20
20 20 20 20 66 6f 72 65  61 63 68 20 28 76 61 72
20 73 74 65 70 20 69 6e  20 70 61 74 68 29 0d 0a
20 20 20 20 20 20 20 20  7b 0d 0a 20 20 20 20 20
20 20 20 20 20 20 20 62  6f 6f 6c 20 66 69 6e 69
73 68 65 64 20 3d 20 66  61 6c 73 65 3b 0d 0a 20
20 20 20 20 20 20 20 20  20 20 20 75 6e 69 74 2e
4d 6f 76 65 4f 6e 65 53  74 65 70 28 73 74 65 70
2c 20 28 29 20 3d 3e 20  66 69 6e 69 73 68 65 64
20 3d 20 74 72 75 65 29  3b 0d 0a 20 20 20 20 20
20 20 20 20 20 20 20 77  68 69 6c 65 20 28 21 66
69 6e 69 73 68 65 64 29  20 79 69 65 6c 64 20 72
65 74 75 72 6e 20 6e 75  6c 6c 3b 0d 0a 20 20 20
20 20 20 20 20 7d 0d 0a  20 20 20 20 7d 0d 0a 0d
0a 20 20 20 20 76 6f 69  64 20 50 65 72 66 6f 72
6d 4c 69 6e 65 41 74 74  61 63 6b 46 72 6f 6d 28
56 65 63 74 6f 72 32 49  6e 74 20 6f 72 69 67 69
6e 2c 20 56 65 63 74 6f  72 32 49 6e 74 20 64 69
72 29 0d 0a 20 20 20 20  7b 0d 0a 20 20 20 20 20
20 20 20 4c 69 73 74 3c  56 65 63 74 6f 72 32 49
6e 74 3e 20 61 72 65 61  20 3d 20 6e 65 77 28 29
0d 0a 20 20 20 20 20 20  20 20 7b 0d 0a 20 20 20
20 20 20 20 20 20 20 20  20 6f 72 69 67 69 6e 20
2b 20 64 69 72 20 2a 20  31 2c 0d 0a 20 20 20 20
20 20 20 20 20 20 20 20  6f 72 69 67 69 6e 20 2b
20 64 69 72 20 2a 20 32  2c 0d 0a 20 20 20 20 20
20 20 20 20 20 20 20 6f  72 69 67 69 6e 20 2b 20
64 69 72 20 2a 20 33 2c  0d 0a 20 20 20 20 20 20
20 20 7d 3b 0d 0a 0d 0a  20 20 20 20 20 20 20 20
66 6f 72 65 61 63 68 20  28 76 61 72 20 67 70 20
69 6e 20 61 72 65 61 29  0d 0a 20 20 20 20 20 20
20 20 7b 0d 0a 20 20 20  20 20 20 20 20 20 20 20
20 69 66 20 28 21 47 72  69 64 4d 61 6e 61 67 65
72 2e 49 6e 73 74 61 6e  63 65 2e 49 73 49 6e 73
69 64 65 47 72 69 64 28  67 70 29 29 20 63 6f 6e
74 69 6e 75 65 3b 0d 0a  0d 0a 20 20 20 20 20 20
20 20 20 20 20 20 66 6f  72 65 61 63 68 20 28 55
6e 69 74 20 75 20 69 6e  20 46 69 6e 64 4f 62 6a
65 63 74 73 4f 66 54 79  70 65 3c 55 6e 69 74 3e
28 29 29 0d 0a 20 20 20  20 20 20 20 20 20 20 20
20 7b 0d 0a 20 20 20 20  20 20 20 20 20 20 20 20
20 20 20 20 69 66 20 28  75 2e 47 72 69 64 50 6f
73 69 74 69 6f 6e 20 3d  3d 20 67 70 29 0d 0a 20
20 20 20 20 20 20 20 20  20 20 20 20 20 20 20 20
20 20 20 44 65 62 75 67  2e 4c 6f 67 28 24 22 5b
48 49 54 5d 20 47 6f 6c  70 65 61 20 61 20 7b 75
2e 6e 61 6d 65 7d 20 65  6e 20 7b 67 70 7d 22 29
3b 0d 0a 20 20 20 20 20  20 20 20 20 20 20 20 7d
0d 0a 20 20 20 20 20 20  20 20 7d 0d 0a 20 20 20
20 7d 0d 0a 0d 0a 20 20  20 20 76 6f 69 64 20 53
65 74 53 74 61 74 65 45  78 65 63 75 74 69 6f 6e
28 29 0d 0a 20 20 20 20  7b 0d 0a 20 20 20 20 20
20 20 20 0d 0a 20 20 20  20 7d 0d 0a 20 20 20 20
76 6f 69 64 20 53 65 74  53 74 61 74 65 50 6c 61
6e 6e 69 6e 67 28 29 0d  0a 20 20 20 20 7b 0d 0a
0d 0a 20 20 20 20 7d 0d  0a 0d 0a 20 20 20 20 2a
2f 0d 0a 0d 0a 7d 0d 0a
